20.288,0.90848,3.209,17.688,12.879,4.5344,5.2023,-9.3097,2.8434,4.0922,3.707,7.069,6.1603,-10.683,-3.8692,-0.2686,-1.4943,-4.569,5.1998,-3.0352,-5.061,1.6575,5.2484,1.9338,-5.6771,-5.4849,2.1618,-1.3384,-0.16267,-1.5664,3.2923,-3.4766,0.39672,-2.1286,-4.9846,1.6724,-4.551,-0.17475,-5.5244,-0.1406,-2.3907,-0.32375,2.4423,1.4828,1.2488,4.8604,1.3637,-3.7034,-1.484,1.2222,-1.8068,-3.7527,-1.1506,-0.38082,-2.2505,0.27177,-2.059,4.5626,-4.6113,-1.8449,1.5739
24.379,12.608,-2.8233,1.4979,6.6785,13.387,-10.486,2.109,2.8977,-1.0333,4.4287,5.6902,0.75655,-0.82475,-4.158,8.2322,0.20227,1.9676,-0.35464,-5.0037,-1.3274,-1.433,3.364,-2.8628,3.113,0.65839,-2.6736,-0.0014991,-0.98204,1.5454,2.9496,-5.4788,-1.6674,1.4866,-3.3561,0.51643,0.065134,1.434,-5.6584,-5.7013,1.4261,-0.56423,-0.24671,2.0045,0.8354,-3.9759,4.1983,0.92354,-2.0387,0.22648,1.5547,-0.49934,-0.70209,-2.7515,1.9423,4.0087,1.295,-7.9261,2.2805,-3.3187,-2.3695
37.146,-6.1609,-20.474,17.15,6.9741,-27.338,11.619,5.6167,-10.303,-6.5264,-3.6624,-6.4582,-5.1873,-1.6226,-10.834,-5.3246,-1.7699,5.3965,3.3211,3.4927,2.168,7.8136,5.1846,5.4172,2.313,6.7516,0.82783,-5.5777,2.9312,1.7473,2.8861,-2.1289,1.6885,-0.2649,-2.2059,4.7963,0.028074,1.5556,1.0562,0.48105,3.6632,-3.5403,-3.027,0.87786,-0.6489,-2.4084,-1.6817,-1.0735,-0.63434,0.13604,-0.13117,0.44386,-0.45504,-2.3223,0.67185,0.067042,0.13732,0.013986,-0.042004,0.51647,-0.14521
38.175,-13.314,-3.7834,11.861,10.694,1.2752,-4.2316,0.41062,-8.844,-3.7412,-4.8285,-3.516,-3.1388,6.9906,-6.036,-3.5095,-5.105,3.2782,2.6595,1.6647,-0.33011,2.3312,-4.6709,3.1102,1.8749,3.9413,-0.95545,5.0722,-3.6553,-2.1842,-0.38726,4.9412,-1.6416,1.5802,-1.6152,-6.3017,-2.397,-3.597,1.9762,-1.0476,-6.6205,5.1653,1.3718,0.042329,0.27798,2.7372,5.8492,4.6885,-1.0141,0.044693,2.339,-2.2129,0.47156,5.798,0.34024,0.85471,-1.3393,-0.68495,-1.3542,-1.4107,-0.23191
-12.789,-9.9964,-9.912,5.7657,-17.89,-7.05,1.1383,-0.46936,7.8769,5.2435,1.0883,6.471,-3.2277,1.8895,-8.9377,2.3159,-10.256,2.3811,-1.5437,-5.4687,2.7608,-3.3755,-3.6398,-4.1502,-3.7096,-2.5181,-0.10608,-1.3309,-3.8891,-3.503,6.5764,-2.2555,2.377,0.90851,0.56441,-6.2681,-2.3614,6.158,3.6242,6.1463,0.8489,-0.32848,-4.1365,5.0042,-2.1723,0.13641,-1.3054,3.6736,-0.18411,4.4467,-1.3155,0.12855,-0.10095,-0.91259,-2.8961,-1.8926,-1.5725,-1.9812,-0.42319,0.58505,-0.31224
-17.369,-18.257,-28.856,7.7012,-4.7636,-6.4964,-6.8575,-3.9959,1.5856,8.0395,4.3368,4.1092,1.309,3.001,-2.1253,-3.8765,-4.3328,-2.8102,3.2371,-2.5224,0.75531,2.4317,-2.8441,3.7929,-0.92167,1.5309,-5.9279,1.5072,-1.9191,-4.2925,1.76,-5.9896,-8.2949,0.94052,1.9573,2.2733,5.5062,-1.614,-2.1696,3.3337,-3.0796,1.1875,4.8295,0.18349,1.6409,-4.1685,-4.2091,-0.48091,2.956,-7.6511,-2.2017,-0.72021,-0.55366,1.5015,0.029049,2.6022,2.1753,0.60682,0.28062,0.1318,-0.51241
10.653,7.6778,1.9643,25.1,4.8012,-5.1546,1.5205,-7.2773,-6.4243,-0.63506,-5.004,1.1606,-3.3798,16.769,4.8471,-0.57962,-0.15761,-1.6722,-2.657,-2.9358,-0.10524,-0.96308,-2.4806,-6.0608,-2.7559,-5.8509,-2.4159,-1.4659,-0.4436,4.7166,0.67776,5.1907,2.5575,8.7891,-3.2708,5.6449,-2.4443,3.284,-4.0302,1.613,0.24603,-1.4625,-0.020166,-3.7785,6.6475,-0.2774,-0.21599,1.5965,5.7131,-0.16454,-2.5231,1.0043,0.45786,-0.30837,-0.57585,0.55619,-1.4608,-0.32331,0.24659,0.35502,0.66182
-5.8538,-11.722,-23.944,14.934,9.5863,-3.4955,-0.69439,-4.1732,-17.251,6.0319,-6.2475,2.6665,0.6893,6.5852,3.1153,-3.143,1.8631,-13.039,-8.7307,6.0852,-8.6146,-5.7601,6.8926,-2.2265,4.038,-5.3819,1.314,-3.5958,3.9458,-0.60955,-1.2051,1.0553,-1.495,-2.8364,-1.1792,-5.4678,1.2691,-1.5616,2.1737,0.32124,2.4658,3.1636,0.73388,4.0585,-1.396,-0.24337,-2.3212,0.35987,-3.2814,1.4131,0.2281,-0.14958,-1.2783,-1.2821,-0.40834,1.1297,0.97905,-0.8312,1.2607,-0.42896,-0.91312
3.9377,-21.429,21.094,24.383,8.9152,-10.089,-26.317,-4.8305,5.0016,-5.9374,9.0163,8.4882,10.923,-5.7712,6.8876,-2.1599,0.24056,8.3668,-5.4375,3.4201,1.2861,5.2273,-0.9058,2.4364,4.4009,1.2755,0.80656,-1.5654,1.1055,6.6225,-4.0159,1.9432,0.40054,-1.5956,0.10433,-4.3767,0.62885,1.2135,-5.0464,6.6122,1.7563,0.64105,-2.4912,1.0042,-0.55062,0.51007,-0.74253,0.57464,-0.21995,0.37842,-0.96309,1.3796,-0.46375,1.1375,0.0043115,0.53238,0.3847,0.37086,0.6263,0.57309,-0.40504
-9.3431,3.878,-31.481,3.3719,-15.351,1.3052,-3.1794,0.42345,4.8192,1.9712,1.7594,6.3122,2.8775,3.306,-0.85782,2.6695,3.0333,-1.4859,0.21751,0.20747,2.1503,1.0828,-1.4772,-4.1296,4.2458,3.1604,-1.1289,-0.51312,-1.9095,1.2301,-3.9413,3.5654,6.3962,-2.6511,0.66811,1.4234,2.9649,1.0103,3.3823,1.7975,-0.87525,-2.6372,-2.712,-6.0862,2.3761,-1.2724,-3.5052,-4.2755,-3.453,1.6978,5.0195,-5.7525,-0.67351,2.4533,0.52248,3.237,-2.6048,-0.09763,-3.2861,-4.5558,0.81581
-33.051,33.644,-9.3159,16.858,0.30311,-12.977,5.9139,-6.2303,8.9997,-5.596,5.4189,8.3628,-4.5348,-0.081033,-6.0267,4.0602,1.7235,-2.1157,2.9722,4.3366,3.5618,-3.271,1.0738,3.4033,3.5954,0.42625,1.4104,-0.076791,2.3329,4.2139,2.7253,6.0274,3.1485,-1.8579,4.9806,0.55611,0.9636,-3.754,1.143,-0.47336,-1.019,-2.2447,5.6434,1.833,-2.1121,7.4434,2.6386,3.8981,2.2011,-3.4543,-0.68724,0.86266,-0.79561,-2.518,0.054649,2.004,0.098619,-1.1896,0.30322,-0.48696,-1.671
15.486,4.0285,-3.6273,6.5604,16.201,-0.068663,-16.23,9.8482,4.2359,-1.3837,3.8175,7.315,-0.71758,9.8455,-4.8464,1.2183,3.2794,-2.0076,5.6942,-5.2755,1.7749,-2.3603,-6.3433,-0.83211,3.7755,-1.0979,-2.1964,-2.1103,0.65953,3.6225,0.019054,-4.2709,0.85168,-0.049179,0.45657,-3.7438,-2.3042,-6.2068,3.0351,-6.4201,3.7478,-0.78915,1.2664,0.36922,0.4215,0.70896,-4.6021,-1.9708,0.11026,0.46134,-1.0188,-1.6489,3.2092,-0.54279,1.4251,-7.1014,0.84791,2.4317,0.51961,1.5078,2.2412
-3.626,-6.0345,-4.7581,7.9831,-4.69,6.5845,12.858,0.68018,-1.7422,11.01,1.3144,-2.7924,-13.651,-7.0663,4.0822,4.8947,-3.837,13.008,-6.8217,-6.4353,-5.1905,0.24284,-3.5641,-1.2098,3.2578,-2.5521,-0.17019,-0.16267,2.571,6.2441,-2.3393,3.1143,-0.048769,0.41815,2.4027,2.0697,-3.3755,-0.8618,1.0984,1.8412,0.93712,2.5002,2.1446,5.1015,0.18453,-1.9569,1.5134,-1.3416,-2.5482,-4.2722,1.3378,-4.8096,2.4538,-1.703,2.4162,0.10031,1.3998,2.3767,0.71486,0.14997,1.9622
4.8416,-13.691,-12.528,7.3474,4.0362,16.205,7.311,3.7397,-6.1461,-0.38289,2.1043,0.38577,-10.426,-4.7853,4.2253,3.9846,4.7215,3.1033,-0.53555,-2.9825,-1.4565,0.8653,-3.0934,0.58268,7.266,1.8849,0.13234,5.3856,3.6908,-5.3276,-3.0605,-2.426,2.9295,-5.1127,0.70878,-0.45931,-3.4928,-2.9074,-1.4608,1.5329,-1.0938,-4.7587,2.7715,1.6936,1.9301,-0.38462,-3.5601,-0.3094,5.454,4.5754,-2.7289,6.9923,-1.0298,2.1589,-1.8943,0.61917,-1.8285,-1.6491,-2.2712,-1.0161,-1.0389
0.90956,-22.45,-4.5831,4.5784,-5.6973,0.72886,9.5313,-2.7473,-12.675,1.6922,-1.3464,6.7613,0.3081,0.53844,-3.6356,4.4756,1.4267,3.9113,-0.11544,2.2565,2.8666,-4.7589,-4.6756,-2.1414,-9.1817,0.39007,9.1358,6.9271,2.7356,3.2965,-4.1272,0.065562,-0.88831,-0.77827,-4.0398,-4.5075,5.2661,3.3768,-3.551,-3.7046,-0.69727,-5.2682,-0.83743,-3.1962,-5.8893,0.45224,0.079557,-1.7113,1.6505,-3.5863,-1.055,-1.3271,-1.1705,0.020927,1.7892,-2.8908,1.6532,-0.72658,-0.3537,-0.096713,-0.83454
9.7636,-27.418,2.5565,9.7204,-12.074,14.897,-2.7412,2.775,-4.1331,-23.132,5.2685,5.6517,-12.564,4.3775,9.0753,1.1986,4.1884,4.5989,1.5812,0.56079,2.4741,-6.6513,8.5257,4.8108,-8.0629,-2.4845,-2.302,-0.84549,-2.5849,-0.04065,4.3092,-1.9961,-3.274,-1.6641,3.783,2.0404,0.51963,-0.11361,3.6296,0.97168,2.2802,0.97629,0.14989,-2.372,-0.14626,1.0148,-0.062689,0.076115,-2.2045,-0.47936,1.0742,-1.1777,0.12879,0.096545,-2.2886,1.0085,-0.35136,0.55553,-0.021773,0.067962,0.73349
-13.257,-5.8593,5.6358,19.583,21.723,-0.74461,8.3313,17.596,10.073,-1.4833,0.098954,-7.8373,2.7512,-8.9607,-0.1146,-3.4303,-0.82497,2.9114,2.0639,-2.1865,-3.0873,-7.6026,-2.257,-1.2194,-6.2686,1.2021,-4.6995,-0.90975,-1.0634,-2.3942,1.0845,8.0219,-3.8969,1.0609,-5.6046,-3.7408,5.6909,-3.1368,0.82516,1.3139,0.57486,-0.237,-0.47659,-0.38403,2.9895,2.32,-2.9765,-3.5002,2.3655,2.6083,3.1862,0.79248,0.2439,-3.2682,1.6753,2.1538,0.69898,-1.2696,0.62643,0.23587,-0.61591
-14.181,-3.4167,-8.6048,16.911,26.579,17.665,-5.6345,3.6394,9.3031,-2.5651,-8.5685,-16.581,4.0708,-0.78118,1.6658,1.7893,2.8986,-1.0842,-3.1509,0.25165,0.79128,-2.7338,3.6372,-1.6687,2.9148,4.8532,1.2168,-2.301,-0.78209,-4.5733,1.5994,1.1743,1.6691,2.0008,4.9359,-2.1563,-3.0758,3.6905,-1.2111,1.0681,-0.97182,-5.0779,-0.67356,-2.7097,-2.9844,-1.4432,0.37151,2.1677,-1.976,-5.0736,-6.0591,-4.2404,-0.4158,-0.35843,-1.6702,-1.9523,0.30581,-0.46417,-1.0831,-0.18586,0.67472
-6.0406,-21.267,13.079,19.223,9.7268,-3.1694,-9.4598,-7.0153,5.8964,4.94,1.613,0.97169,-0.0076418,-1.3562,-2.7404,-3.4181,-6.7186,1.7586,-7.5621,0.22009,2.9141,-2.5178,-3.7049,1.226,-4.24,-1.5265,3.5688,-4.2188,-0.40366,-6.2878,-2.281,1.3591,4.472,-0.51882,3.2319,7.0991,-2.1897,1.9347,5.4944,-9.7873,-0.78491,1.303,1.5949,-0.53115,-1.3875,-0.53273,0.11572,-4.373,-1.8326,0.30623,-0.77527,4.0445,-0.94142,2.6355,1.6241,2.9684,-0.88765,-0.25664,1.7282,0.79005,-1.4016
-29.328,-2.0753,-32.926,13.39,-1.0717,-1.5038,-2.6391,-5.0245,1.5933,3.3096,4.627,1.9002,-0.9974,1.6906,2.8807,1.3407,-2.5567,0.15841,-2.2766,0.73455,-0.652,0.16958,2.8972,2.3484,-0.74651,3.2695,-4.6028,0.88293,0.93136,-5.151,-2.6972,-0.86473,-0.016061,-1.2888,-0.12752,2.6617,-0.39786,-1.6746,-3.1547,0.014122,-2.8584,-0.60132,-3.6373,-4.4474,0.86591,-0.59017,9.3065,0.45382,-0.093002,5.5513,3.0418,1.8869,0.4178,-3.2847,1.1388,-5.8684,4.5403,2.3188,1.1898,1.7369,1.3018
16.543,11.022,7.4447,15.353,-0.3478,11.7,5.7164,-9.0891,-3.3365,-1.1957,-8.566,8.054,9.2579,-8.2377,-2.8299,5.3906,5.4321,-0.83514,0.54409,-2.126,7.8352,5.4947,-0.44603,-4.2736,-2.887,0.78171,-0.12521,0.80421,1.3909,-2.6514,-2.6667,4.8601,-4.3149,5.699,1.0566,4.5429,2.965,-5.1274,5.3651,2.7316,1.9898,3.2671,1.8775,0.82759,-2.5505,-4.5087,-1.1619,2.806,-3.2246,2.6634,-1.7368,1.9527,1.6911,-1.5821,-1.5755,-2.106,2.3545,-0.4358,-2.3936,-0.95103,-0.27515
21.673,12.746,-21.231,4.0781,0.54666,12.784,7.3147,-0.90955,-1.74,2.9014,-2.5234,7.0339,6.7816,-9.1172,-1.5623,6.187,3.0215,-0.83349,4.6271,-3.9376,-4.084,0.31037,3.0265,-1.8739,1.496,3.7203,1.4187,-1.408,0.69641,1.9449,2.1485,0.13506,0.32315,0.577,1.9999,-2.5445,0.66502,4.2978,2.2947,0.25162,-1.1289,2.5334,-1.8349,-3.9329,1.928,1.9896,-0.445,0.049576,0.42806,-2.1542,1.2733,3.0476,-0.96666,4.1824,-0.36069,1.6073,-2.3053,1.4339,6.9105,6.8424,1.8325
-27.62,-19.611,-1.7243,3.9733,-13.641,-1.3419,9.6054,13.16,11.848,-9.921,-11.075,5.2776,7.7879,-3.5705,1.7046,-3.8115,-4.6566,-6.7794,0.67998,0.54857,-2.1057,-2.7427,-1.8526,3.0269,5.8219,-0.13243,-3.1485,9.0297,4.1188,7.0604,2.545,0.59375,-0.91377,-0.86015,-4.9498,4.7668,-4.7082,1.7319,0.66953,-3.1364,2.6243,3.1796,-0.66458,-0.32549,-2.0598,-3.9287,1.7391,0.86867,0.46839,0.59561,-2.0028,-0.81613,-1.7279,2.7457,-0.50974,-0.26596,-0.075657,0.32773,-1.0163,0.75714,-0.53212
-10.221,-7.7128,-22.337,11.839,-5.1301,13.829,4.0076,6.2085,14.939,-5.718,-11.791,-9.8878,1.0981,5.4831,1.148,6.4928,-2.1318,0.28357,2.1426,8.7138,3.9829,10.819,-1.164,-1.6601,-2.1402,-8.9749,5.6044,-2.9935,-3.0321,2.8692,-4.6279,-6.2205,-1.0045,-0.018876,-0.42344,-0.4061,2.4782,-0.5256,-2.1539,-0.72117,-0.81582,1.8782,0.32248,4.0588,1.1117,2.9626,-0.33538,-0.25594,0.29089,0.027152,3.1918,2.5569,1.2446,-0.35512,0.426,0.085646,-1.103,0.59786,1.076,-0.33224,-0.41248
-5.6095,-13.404,8.8933,4.524,-8.7531,5.0067,-1.4805,-4.0626,-3.104,1.5028,-1.1117,-6.0836,-4.5125,-3.5678,-0.71517,-6.1675,9.297,-6.7153,5.3832,-5.098,5.0931,-4.4561,-4.4338,1.4807,0.86241,7.0099,-0.83088,-0.45008,-1.5718,-0.82851,-4.5928,-3.0246,8.5209,3.9438,-0.53379,0.34952,3.3117,3.6999,-2.8132,0.056046,5.1873,6.2835,-0.049611,5.3423,1.9906,3.1843,2.1407,0.16775,0.46457,-2.1272,2.651,0.11133,-4.57,-1.0661,-2.3321,-0.81749,1.7766,0.95076,0.18367,-1.186,0.74652
13.074,19.506,15.748,5.075,-13.185,-0.79477,1.1004,3.2436,3.8476,3.1318,-3.9319,0.49725,-3.1789,0.79146,1.2205,2.4759,-0.51901,-1.1117,-3.711,0.19711,-3.9398,-1.2303,-5.692,11.258,0.19045,-0.40115,1.3352,-2.5394,3.0698,0.26616,-3.2844,-4.505,-1.3533,2.0422,1.3925,-3.7082,3.8608,-2.9162,2.0529,-1.7964,-2.9838,2.4363,-5.8768,-4.1808,-0.91779,-1.7836,0.75508,1.7945,1.2662,0.9215,-4.9678,0.49845,-3.124,-5.5654,-0.4022,3.8186,-3.0385,0.89184,-0.67874,-1.7988,4.7217
12.079,19.168,8.0545,1.6758,-14.918,7.961,0.97119,6.6277,0.61881,3.2452,0.78559,-1.5875,1.8993,6.6162,0.14908,-0.40208,0.71715,2.2599,0.94082,-3.7211,-6.7224,1.7281,-1.2802,2.9919,-2.2278,0.66692,-2.7402,-2.4087,0.38352,0.48746,-3.4595,-0.84477,2.3685,-1.3757,-0.90528,-1.2299,-0.0092639,0.85229,1.383,-0.16703,0.23519,-0.71201,-1.4043,-2.1169,0.20778,0.91316,-0.13406,1.4678,-2.1598,-0.74619,-1.7108,-0.083846,0.96045,-0.71322,-2.3148,1.1773,2.9535,4.6648,-1.2282,1.4819,-11.446
12.386,-0.47791,19.447,5.1934,-14.549,5.1614,0.068065,-0.79474,4.316,5.3568,2.0353,-1.9862,-2.8768,-1.6125,-3.1988,-4.8399,-0.43814,-3.6145,0.34706,-0.85205,5.4585,-1.8187,6.3059,3.4154,4.1792,-7.6367,-0.16104,3.6931,-0.4241,-2.8704,2.8004,5.1533,4.4749,-1.4632,-3.9153,-2.4853,0.93685,-2.0494,-3.4761,-1.7867,-2.0999,-4.6007,-3.5326,0.06578,0.31859,-5.0614,-2.6875,3.9463,-2.9143,-5.447,4.6151,4.8018,3.8364,0.12737,-1.0297,-0.079151,0.76873,2.9749,1.2486,-0.82674,1.8854
24.053,25.839,4.2038,10.931,-18.612,0.11731,-0.15275,2.217,0.47788,0.77871,5.1323,-4.075,1.6785,-5.619,8.7685,-2.9439,-6.1131,-1.5113,-0.60751,2.4711,-1.3998,-1.218,-0.12909,2.0346,-1.4166,-0.13453,3.0935,-1.5424,0.57593,-1.4771,1.073,1.5686,-0.93295,-1.4407,0.61635,3.422,1.9338,-2.2155,0.23961,0.34701,-1.9089,-0.44714,0.84603,1.756,2.4896,-1.1304,-2.2309,0.79265,0.85537,-0.51448,0.32158,-3.1341,-5.6336,2.5187,0.54291,-9.3313,-3.3639,-2.8341,4.3487,-2.939,-2.3073
4.9489,21.393,9.231,12.946,-8.9173,1.4376,0.93233,6.5039,-2.8457,-0.66044,-0.97365,2.4096,4.4985,3.9817,5.0693,-8.9668,3.9183,-0.9045,-4.3441,-4.4879,-6.8495,6.1611,-1.9559,-3.5611,-1.1087,0.038943,-7.9353,0.25157,-0.52903,-2.7234,-0.57178,-2.567,-1.8943,-1.8381,0.30662,2.3097,1.6214,3.8742,2.0473,0.26649,0.46057,-3.497,-0.37522,2.243,-7.5237,5.2719,2.2372,-0.46534,-0.39224,-4.3273,3.2779,3.358,1.5981,0.38796,2.8483,-1.3966,-2.7422,-2.816,-3.6122,0.82217,2.6439
16.474,-2.749,1.1449,-0.66989,-8.0428,-8.9969,2.9785,18.246,-9.3859,10.896,2.1212,-0.18622,8.375,-3.9786,4.4724,-1.6883,-1.7456,-1.9277,1.3004,7.2267,6.3053,-1.5612,0.80132,-5.8587,-6.2267,1.7449,-7.1091,1.9212,-1.939,3.3848,-2.6121,-1.0217,0.40007,1.1184,9.633,-1.2174,-3.674,-1.5339,-3.0552,-3.3731,-0.12956,-4.0368,2.014,2.525,-0.69328,-0.82084,1.6564,1.556,0.59827,2.7907,-0.053459,-1.0847,0.59428,-0.78439,-3.3826,3.3751,-0.98742,2.2588,2.0732,-0.7752,1.0074
-31.918,25.895,-2.3245,4.1806,1.9273,-7.946,-1.8588,11.5,-5.9231,5.1301,10.345,-6.8543,1.6706,1.3252,1.037,6.2746,1.2306,2.7681,-0.95008,0.36562,1.0077,-6.037,3.1236,0.15202,-3.7522,5.3603,5.1718,-5.175,3.1348,3.3418,1.8065,-2.381,-2.5194,-0.56106,-2.6837,1.4035,1.2798,3.0498,-1.8936,-1.5853,-0.51746,5.7168,0.65474,0.21495,1.3098,-1.7205,-1.0314,3.8228,-1.4872,0.51246,-0.14973,4.0408,4.1558,6.2272,-0.36136,-0.71624,-0.50955,0.75636,-4.791,-1.7899,1.4867
-27.23,15.028,6.0656,8.4304,-4.9464,0.75833,0.38887,-2.7078,-5.8385,2.3202,4.9424,-4.3235,-3.6491,7.9902,1.1741,-2.2638,5.4834,-0.13051,10.698,0.17337,4.0235,1.3477,-1.184,2.4192,1.4149,1.4653,0.095785,4.6007,-3.5956,-0.66107,-2.2759,4.0686,-3.5833,-2.4155,-2.6115,1.5707,-3.9394,2.4236,-3.753,1.2741,-3.8637,3.2595,-1.0882,1.8873,-3.8781,-0.64215,-2.5638,-5.1481,-5.9884,3.0011,-4.4806,-0.53448,2.3118,-2.9743,0.65327,0.83104,-3.7976,-1.6634,4.0435,1.7193,-0.29214
0.47616,-3.2507,10.72,-0.7777,-10.986,-4.8702,-1.8718,1.3789,1.332,13.163,-3.9244,-5.4633,-4.2702,-2.2478,-2.1929,-2.576,2.4795,4.9634,2.0282,-2.3933,7.8967,-0.59027,11.204,-4.5924,4.2207,-7.3744,-3.506,-1.6236,-2.6229,0.78602,-1.3007,-1.3725,0.90312,-3.9468,-1.8148,-1.4381,4.9715,-4.2341,0.99316,0.48422,3.4989,2.5278,0.33937,-3.8466,-1.2261,1.0297,4.6703,-1.2958,3.448,1.249,-5.5185,-2.0422,-1.531,3.6465,2.9271,-0.1146,-1.2965,-1.7388,-1.6118,2.5239,-0.71246
6.7254,6.3422,18.515,5.8002,4.771,5.9877,-2.5209,7.2799,-7.8752,7.6671,1.1781,0.77565,5.659,-0.49369,1.4687,4.4696,0.24509,-3.7262,-2.0931,5.2113,4.591,2.7051,-0.19106,6.8428,1.0138,-1.0991,3.5199,2.1091,-1.745,-3.1516,2.3697,-1.0524,2.7097,-5.4918,-0.87754,1.2624,-4.5367,4.6642,4.1891,2.4895,0.31836,4.7157,1.4243,-2.9389,0.32807,-0.39122,-0.80367,-1.0609,8.2902,-1.3847,4.0482,-4.1162,4.462,-4.1081,-0.82154,-0.058961,2.698,-2.9529,-0.50237,1.1198,-0.13548
-28.758,-5.9238,21.427,-3.573,-9.9952,-1.3176,-4.2119,6.0819,-5.0443,4.2314,-2.2428,-0.84656,2.5268,5.0953,-4.47,2.6302,1.7667,4.9136,1.1138,-2.357,-3.4148,7.1719,4.311,-1.7012,3.7657,0.3505,2.3094,1.9105,0.006467,-2.1324,4.0309,1.4288,-5.4816,2.5678,-0.44515,-1.5015,-2.5223,2.5059,3.8389,-0.14875,3.0757,-1.5779,1.7364,-2.6755,0.56039,4.4199,0.57752,-2.3832,0.88572,0.46395,-0.61158,2.4334,-3.2916,0.70145,-0.75644,-0.25577,3.2659,3.3716,4.6021,-7.4823,1.4861
21.615,13.389,-6.7435,15.764,-25.751,-16.644,-10.442,-14.931,6.1241,-4.2704,2.1838,-12.414,-2.658,-6.7196,8.334,-2.3687,0.0045745,-3.0037,2.3278,1.0031,-4.4629,-1.5606,-2.415,-8.5081,1.8801,3.4394,8.2007,6.8283,-3.6858,-0.68832,2.9253,-2.7939,-3.5953,0.33425,-0.70632,-2.3247,-1.4683,-1.136,2.9381,-2.6051,3.1516,-1.659,1.0977,-1.1957,1.3428,0.075224,0.21586,-0.431,0.44696,1.3376,-0.20226,-0.097497,2.9558,-1.4077,0.29531,2.7809,2.6734,0.607,-1.46,1.6639,0.48092
-28.116,-7.3396,19.917,-0.16038,-20.723,6.7671,-3.1711,2.9813,-3.9737,0.50698,4.0164,1.3689,0.12739,1.6238,-3.691,3.4427,3.1785,-0.75508,1.0735,5.1316,-2.7142,4.0248,2.3766,3.7763,1.2454,0.40344,2.4431,-1.7707,4.5748,-5.4216,2.4469,1.7821,-1.3372,10.482,2.7718,-2.1854,-2.2477,-1.9186,-2.9389,-1.8121,1.0615,-3.1845,-0.0073063,2.7662,2.1526,-1.1476,-1.3544,-0.50605,0.31316,2.1126,3.2301,-3.5811,-2.924,1.5106,4.7395,0.77285,-1.068,-0.71924,-3.6177,5.6278,-0.49738
3.9661,-19.306,-11.166,-26.783,-14.574,9.2381,-0.83558,2.2024,7.5968,-1.2839,4.5969,2.868,5.2798,2.113,-3.8337,-10.736,-0.017116,2.8359,-0.67714,1.8283,-5.0526,0.46806,5.3071,-3.0725,-5.3643,4.6437,3.7454,0.78671,7.3887,-3.1617,-3.4486,-0.66398,6.0256,2.2117,-2.1246,1.6037,-1.371,-3.4448,-0.099048,2.21,0.65627,2.4026,2.0058,-0.85513,1.5379,2.9506,-0.84196,3.4853,0.73752,-0.61876,-3.9483,-0.99432,6.552,-2.2249,2.685,0.50062,-1.6989,-1.9428,2.8355,-1.6035,1.0401
2.8244,5.5802,20.856,-7.3051,10.811,0.59006,6.2337,1.0915,5.3024,-1.6054,3.1955,5.3274,-11.489,-1.5074,1.1842,-0.84688,-11.141,-2.9336,9.2714,5.6028,-8.2605,-0.199,3.8136,-2.6625,3.5106,0.94184,-0.082746,-3.8607,-5.4022,0.50075,-7.396,-1.0083,2.8151,4.9783,-0.034106,-0.9613,1.2018,3.0107,-1.2109,1.914,0.22853,0.61989,6.1742,-4.6065,-6.6222,-3.4665,-2.0291,0.3364,0.38441,1.8591,1.5549,0.99484,-0.21941,0.85913,-1.0068,-0.86903,2.235,-0.61794,-0.28354,-0.052828,1.1986
23.454,-15.012,22.033,-14.883,0.29827,-0.35487,-6.1711,1.2612,5.2049,4.4741,-4.5007,-2.349,0.96011,6.8227,-7.083,3.7227,0.4665,2.1045,-1.5386,4.8696,-0.44819,-5.0661,-1.5799,-4.767,2.5405,2.6483,-0.55159,2.8674,2.1187,0.70903,0.31362,-0.30716,-3.6414,-7.0725,0.21827,4.0635,2.5606,4.5062,-0.017607,2.766,-1.452,-0.60423,7.0718,-1.4453,5.0707,0.29737,-0.072327,3.2631,-4.7594,0.66394,1.5472,1.7876,-4.1528,-5.1221,1.4471,-1.4816,-2.4821,1.8375,-1.8177,2.7577,0.88428
-7.8407,-2.6307,-9.2431,-14.193,20.154,2.7142,-7.3257,-12.796,6.8989,11.361,-6.1725,-4.1682,-3.2732,0.47868,1.5368,-6.1896,6.5122,0.77552,-1.3624,-6.0174,-1.0288,1.3574,3.0902,6.7415,-5.263,1.6148,2.1171,3.6465,-1.0297,7.0387,3.3303,-0.9217,-2.1629,1.4011,2.5947,0.76761,-0.41529,-0.18814,0.06857,-0.28499,1.9783,-1.0522,1.3259,-1.2876,-5.4712,-2.2136,-2.2522,4.0633,3.3716,4.823,5.6442,-0.46979,-0.37348,-0.26445,1.6332,0.049613,-4.4547,1.6606,0.74495,-1.186,-2.1739
-7.5707,12.961,-4.9834,-18.872,14.408,3.0619,-13.115,0.85612,-12.765,-9.1297,5.2919,-4.9885,1.4772,-5.4165,-1.7582,4.0946,-11.759,-2.9972,0.56394,-4.0007,5.2578,-4.972,2.9244,-2.1527,4.0987,-3.5291,-0.15378,4.7734,1.2501,-1.6824,-7.6569,-2.5386,-2.9741,3.1157,-2.3156,5.3993,-0.35813,0.35287,3.1402,2.0372,0.1196,-1.7852,-5.231,1.8421,-1.5413,4.5091,-2.0165,2.9024,1.7234,-0.79906,0.81919,-1.3127,-1.0445,-1.0486,2.8548,1.983,-1.7427,3.3582,0.22276,0.24997,-0.81291
-30.118,19.958,13.145,1.0681,10.119,0.26301,-3.4651,-3.3548,-10.499,-10.226,-1.6871,-5.0885,0.2121,-2.411,-4.8774,-1.6186,-1.3034,5.1183,-3.9007,2.4849,-3.5683,4.1097,-0.15579,-7.8196,-4.2204,-1.7215,-4.079,7.3533,1.3908,2.3708,7.3602,-5.831,10.059,-0.66326,2.4979,-1.2069,2.1778,-4.48,-0.74288,0.38015,-4.7214,4.7986,-0.50749,-1.7759,-0.39725,-2.555,-3.0412,-2.0979,-0.90231,-0.27221,0.51695,0.30864,-2.7247,-0.99091,-0.13394,-0.36596,0.86759,0.47766,0.29302,0.57248,-0.094594
10.724,13.94,-9.3701,-16.185,-2.9516,11.163,-3.8322,5.4625,-2.9537,-0.60016,-1.9178,-1.901,0.56823,-2.8857,-2.1271,-8.6429,2.0149,-4.3886,0.40588,-2.0109,1.7178,-1.3507,-3.6034,5.5027,-4.1196,-4.8414,2.9831,-2.2534,-3.4667,6.2748,0.79879,0.86708,1.3135,-1.6734,2.2135,1.089,-2.6205,1.726,1.096,4.4809,-3.7138,-3.4457,0.94266,0.679,1.8011,0.8146,-0.60675,0.4456,-2.5134,3.3301,-2.7539,1.6099,-2.4892,2.5588,6.1917,1.5122,8.3423,-1.9054,-0.53973,0.22921,2.1304
-29.597,9.2032,13.452,-6.0026,10.421,-3.9993,-1.9362,-3.7122,-8.904,-2.0333,-7.4876,-0.39363,-1.9555,-5.1681,-3.1203,2.5267,-4.9247,-4.6856,1.5651,0.006915,-3.8679,2.4367,-6.1129,6.8906,-4.5364,-2.0843,-0.61918,2.5286,-1.6837,-1.4058,-1.9474,-1.4615,0.96689,-3.0463,1.9509,-1.2131,2.7172,-1.0061,-0.65011,2.7205,9.6383,-4.7804,1.5197,-2.086,6.197,-1.2165,4.2718,0.23247,-4.364,-0.55648,-0.85814,-0.43216,4.7611,2.7599,-0.79577,-0.27862,-3.148,-1.993,1.6669,-0.019239,0.17976
-22.799,-2.481,8.9733,-11.512,-15.754,-1.0722,-7.0073,-8.873,-7.2816,-11.659,-12.932,2.2898,-2.7556,-11.373,-5.1686,-3.296,5.5982,1.1544,1.8419,1.0761,-0.75269,-2.7928,-4.6913,-5.0945,1.663,-0.10585,-3.8225,-12.919,-0.021035,-0.59764,-1.0932,0.51915,-4.0763,-4.731,-1.1941,-1.0889,-2.8634,2.0193,-1.7367,-2.5189,-5.2244,-0.77718,0.16081,0.15311,0.15186,-2.6767,0.29363,1.5964,4.6926,0.26332,0.9517,-1.6737,3.0608,-0.45882,0.89697,-0.54057,-1.1542,1.6627,1.1737,-1.4785,-0.88195
6.6031,11.859,-15.501,-25.636,-16.93,4.0369,-14.877,-0.57711,-1.7479,-1.8911,-4.3296,-6.6878,4.4822,2.341,-7.3376,-0.29999,-4.0028,3.4078,-6.1951,-2.558,-0.69139,-4.4236,1.3235,3.9387,-0.25273,0.37846,1.4307,-2.0988,0.219,3.5282,-1.8938,3.6206,-1.6178,2.2936,-1.6745,0.84186,-2.2066,-4.7955,-2.1355,1.8527,0.27747,-0.87953,2.9561,-0.095374,-2.7355,0.48256,1.1808,-7.5128,1.0592,-1.2886,2.1893,2.2335,-0.75444,-0.27974,-8.9292,-0.61695,-0.23345,-2.4955,-1.1439,2.2588,1.1895
9.5623,25.378,-14.114,-17.643,10.639,2.3442,4.5218,-5.5488,6.233,-2.6651,3.1957,1.328,-1.422,3.4454,-2.8923,-6.7816,-1.1065,6.1508,4.4245,2.9817,-0.65471,2.1035,-1.4252,-2.9121,-2.8865,-4.9542,-0.53732,2.0154,4.7783,-5.1561,-2.9759,5.8432,-4.7369,-5.5961,6.443,-1.9435,-3.27,3.2735,-4.2869,-3.3863,7.1658,5.0112,-4.9672,-0.57448,1.4014,-1.4284,-1.8765,0.97901,1.8302,-1.4845,0.49611,-0.19955,-3.4215,0.54703,-1.1684,0.35212,1.8799,-0.46548,-2.1484,-0.3279,1.0266
0.34668,-6.3532,-8.4675,-16.444,11.17,0.99399,9.4522,9.4339,-1.3031,-2.2872,17.161,-0.044612,-3.3918,-5.503,-2.8442,-8.7175,7.9556,-1.9461,-8.3777,2.3538,2.1312,3.0631,-9.5775,-3.1167,7.2653,-7.4251,4.7786,-1.5801,-1.5508,-1.4321,4.4828,-1.4129,-3.1811,4.1023,-0.83599,2.6295,3.8132,0.79115,-1.2404,-0.015187,-0.049307,0.38241,0.70596,-4.3308,-1.4944,0.99982,2.7299,1.6258,-1.9773,1.7505,-0.065577,-1.9047,0.69772,-0.0074365,-4.134,-0.031965,-1.1409,0.66155,1.2137,0.92574,-1.1838
0.084571,1.467,1.525,-9.397,-1.3198,1.9935,28.157,-19.021,-1.2058,-7.7212,9.3888,-8.2987,17.16,6.2062,3.8956,-0.63772,-3.0171,4.5232,-2.599,-1.5231,6.4294,-3.6554,-1.0762,4.3808,3.7297,-0.79604,-5.5142,-3.1233,0.35734,0.26964,-0.67196,-4.2247,0.52358,1.0637,-1.6875,-6.5316,-2.4552,0.90586,1.9766,-0.63175,1.6806,-0.8923,5.0186,-1.2191,0.46911,-1.3221,-0.22296,-1.0394,-0.63192,0.77979,0.965,0.63953,-0.35204,-0.1766,2.5239,0.11497,-0.56093,0.2925,0.31414,-0.7012,0.2836
-18.123,-13.901,17.132,-6.0894,10.14,2.1874,8.607,-9.4813,0.83352,2.4554,5.6595,-0.57881,6.3522,4.0215,-2.6636,-2.9826,3.1345,4.3563,3.9654,1.0641,-7.5933,0.33781,4.703,0.55225,2.422,0.091465,0.85448,1.9572,-4.9532,5.052,-3.9334,-0.69883,-1.4311,-1.1337,1.7027,3.4609,4.7838,0.50539,6.0942,-4.316,-4.5936,-3.711,-5.2998,5.7169,4.7777,-0.35434,-0.05025,1.6853,2.0025,0.94818,-0.96769,-2.0076,1.1507,0.6647,-5.3232,-1.1229,1.8635,-2.811,-0.75072,1.2113,1.3641
6.5902,-15.864,13.824,-11.412,1.5529,1.4365,7.4038,-5.4387,1.1359,4.2821,2.2739,-3.4305,4.0879,7.4478,1.4939,9.4768,1.1922,-1.4943,2.3963,4.1097,-4.1266,-2.5422,-7.267,-2.9591,-1.2619,3.4978,0.0011274,-5.2245,-4.1782,-1.8291,4.7098,0.27035,1.3664,-4.8417,-2.8967,6.5563,-2.3504,-9.4114,-2.9596,3.4991,3.7403,-0.61817,-5.3653,0.29553,-5.6293,1.1094,-0.46946,2.4934,0.7192,-0.98393,0.59191,-0.44798,-1.8568,2.8606,0.73119,2.282,1.6368,0.39745,1.7247,0.3185,1.0378
8.2035,-25.6,-8.6849,-24.319,-1.4003,2.7051,-1.4678,-6.0994,-6.42,7.6428,-4.4603,-0.27368,1.2848,-6.8195,7.0922,2.5082,-5.9821,0.1523,6.3294,4.4935,-0.76896,-1.2597,-1.9163,2.3389,5.3838,-0.73391,-3.5464,-1.2089,-1.0247,3.2197,7.4608,2.6835,0.54116,4.1351,5.4353,0.62809,2.0036,1.118,-1.8322,-2.6438,-0.53943,2.6125,-3.994,-2.6965,0.85163,5.832,-1.9472,-2.4156,-1.9591,-1.1618,-1.536,4.0044,3.2238,-2.8611,1.6247,-2.8836,-0.50613,-2.0029,-3.6019,-1.9077,-2.153
-2.0431,12.988,0.12557,-16.116,7.7179,-24.495,8.067,1.8746,6.7028,2.3434,-11.132,10.049,-3.3002,-4.236,2.4695,1.1632,8.9501,5.82,-8.5012,4.3329,1.3721,-4.3874,3.0332,2.1527,-0.4249,0.65602,-0.84512,3.4007,-8.4008,-4.0359,-4.4148,-5.272,-1.2565,4.2649,-2.6648,-0.1449,-6.7972,-1.8771,-0.94125,0.43686,-1.2651,0.80886,-1.6835,-0.98463,2.9804,3.0477,-3.612,0.31266,-2.9485,-2.8838,0.75964,0.32278,-0.74725,1.0701,0.32001,-1.4091,0.77038,-1.3617,0.10037,0.20599,-1.0337
-13.524,-2.5863,-8.5573,-25.818,5.9592,-3.3516,-8.8438,-2.4298,0.24347,4.3873,1.6261,-0.50813,-6.9267,-3.3824,12.549,3.2038,-1.5542,-0.62995,1.9703,0.4888,4.88,10.66,-1.3854,-0.28505,-5.309,1.2385,-5.1189,-2.9667,5.2682,0.33767,1.2192,2.7022,1.9539,-1.1394,-10.355,-2.6433,-0.88179,0.86637,4.3608,-4.3887,-0.92697,-2.1768,2.3528,-0.019467,0.42022,1.4643,-1.3697,3.814,-2.4696,-1.0186,-1.06,-1.421,-3.3713,-0.73241,-3.4276,1.059,1.1745,-1.6596,-0.04242,2.0142,1.4853
17.601,-21.759,-6.2766,-20.42,-2.5088,-32.399,-1.4415,5.1095,2.7214,-9.7965,4.3413,-7.8497,5.1538,-0.54717,0.23542,13.452,7.5109,-5.132,0.83643,-9.9235,-6.2958,3.0336,1.6036,2.4364,-2.437,-7.0813,-0.83685,1.5033,-0.47736,-3.3601,-2.6506,4.9481,3.8314,-0.37106,3.9602,-0.013945,1.4529,2.3168,-1.1097,-0.4269,-2.7586,2.2972,2.0606,1.0063,-1.9438,-2.1575,0.44981,0.32304,0.8433,0.32149,-0.72896,-0.10301,0.33454,0.033772,1.1889,-1.0373,0.049223,-0.43749,0.28118,-0.39722,0.05359
22.19,0.55412,21.237,-4.3623,7.7372,-4.7951,2.5029,-7.6819,12.683,2.5368,1.6411,-4.4309,-9.7898,1.085,-2.7867,3.1552,3.2487,-8.2991,-0.72311,5.1263,3.2903,-1.8322,-0.45175,-1.8114,-2.1331,0.49168,-5.5863,1.6668,13.91,1.9558,-0.16327,-3.6835,-3.3709,2.2303,1.5535,-0.77677,-0.55136,1.9652,2.2812,4.5913,-3.3607,-0.97594,-3.4325,0.83831,-0.32391,1.0292,1.7579,-5.5754,0.059492,0.38376,1.1124,-0.53979,2.8138,4.4189,-0.82298,-0.18174,1.537,-0.9122,1.4901,-1.2924,-1.1836
-4.2479,-9.1542,15.844,-10.746,0.29662,4.4312,12.184,0.71388,1.771,-5.2897,5.6112,1.9986,-6.9733,1.3693,-2.5731,0.14842,-6.101,-13.9,-11.764,-7.3087,4.2017,8.4331,4.6977,-4.0225,-2.033,9.6423,2.3976,-1.495,-5.8842,4.5967,-1.063,2.7841,-3.8023,-3.6706,2.4044,-3.1344,-1.3612,-2.4909,-2.414,-1.6261,-0.33647,1.6107,-2.2038,-0.75085,2.7269,0.54946,-0.80871,-1.737,0.95185,-1.362,-1.0999,1.0346,-0.25096,-1.4003,1.4677,-0.89996,-0.79003,0.11799,-1.1365,0.47089,-0.77435
19.397,23.484,-8.2131,-22.536,2.7952,8.2218,-3.419,-1.7906,3.5907,-3.8591,-3.0668,5.1747,-2.301,2.8498,1.9415,3.1113,0.031268,1.7847,-8.2148,7.9938,-0.043822,-0.28361,0.75593,3.1671,1.0437,4.2367,-3.2137,2.9098,-5.1459,-3.4312,4.4128,4.1356,2.5472,0.63882,-3.1096,0.11252,7.7125,4.2801,-1.0028,-1.6307,1.8202,-0.47364,1.265,7.1896,-0.90224,-1.3606,0.92891,-3.4837,3.2045,2.5725,-4.1471,-1.2318,2.3151,1.8571,1.7713,0.27125,0.14361,5.108,0.64707,-0.20949,0.85364
-1.7157,7.0541,15.599,-11.373,9.0721,-10.537,6.4454,4.4291,-0.082228,-2.7715,-15.008,7.6363,2.6878,7.7866,11.826,-4.4318,-6.098,3.1607,2.8173,-11.056,5.1809,-0.9539,0.57273,-1.2734,4.5854,1.8517,8.549,-1.9451,5.8678,-4.7802,3.0732,-1.9625,0.60304,-1.7655,3.4665,0.70096,4.8517,-1.3722,-4.2205,0.20174,-3.0046,-0.78352,0.55682,1.3602,0.022038,1.4938,0.37617,-0.94366,-1.3549,2.4448,2.154,-2.6535,1.5212,0.60591,-1.6934,1.9336,2.0676,-0.092258,0.59814,1.0185,0.081752
-5.2826,0.7081,-5.5413,-19.211,15.838,-2.469,-2.1674,5.6717,0.20147,0.35669,3.1694,6.481,1.6439,2.4792,6.3579,-3.1859,2.6974,-0.33396,8.2047,2.1311,0.51283,-1.2271,-0.15481,-4.0816,-1.5637,-0.3362,6.6184,-1.7321,-1.2441,0.1746,1.5678,0.23469,1.2699,1.4784,-0.86775,-2.5126,-3.0044,-2.0697,6.0232,4.2383,-1.0696,-0.77443,-1.6006,3.0223,1.6317,-7.4699,7.7298,-4.151,1.2246,-5.0713,0.17294,3.9007,-2.3659,-2.3292,1.8633,-0.054059,-3.2704,1.611,-1.7459,-0.83953,-1.7115
