-20.2883,0.90848,-3.209,-17.6876,12.8786,-4.5344,5.2023,-9.3097,2.8434,-4.0922,-3.707,-7.069,-6.1603,10.6831,3.8692,-0.2686,-1.4943,4.569,5.1998,3.0352,-5.061,1.6575,5.2484,1.9338,-5.6771,-5.4849,2.1618,-1.3384,-0.16267,1.5664,3.2923,3.4766,0.39672,2.1286,
-24.3792,12.6076,2.8233,-1.4979,6.6785,-13.3869,-10.4856,2.109,2.8977,1.0333,-4.4287,-5.6902,-0.75655,0.82475,4.158,8.2322,0.20227,-1.9676,-0.35464,5.0037,-1.3274,-1.433,3.364,-2.8628,3.113,0.65839,-2.6736,-0.0014991,-0.98204,-1.5454,2.9496,5.4788,-1.6674,-1.4866,
-37.1462,-6.1609,20.4744,-17.1498,6.9741,27.3385,11.6192,5.6167,-10.3027,6.5264,3.6624,6.4582,5.1873,1.6226,10.8338,-5.3246,-1.7699,-5.3965,3.3211,-3.4927,2.168,7.8136,5.1846,5.4172,2.313,6.7516,0.82783,-5.5777,2.9312,-1.7473,2.8861,2.1289,1.6885,0.2649,
-38.1752,-13.3138,3.7834,-11.8612,10.6943,-1.2752,-4.2316,0.41062,-8.844,3.7412,4.8285,3.516,3.1388,-6.9906,6.036,-3.5095,-5.105,-3.2782,2.6595,-1.6647,-0.33011,2.3312,-4.6709,3.1102,1.8749,3.9413,-0.95545,5.0722,-3.6553,2.1842,-0.38726,-4.9412,-1.6416,-1.5802,
12.7893,-9.9964,9.912,-5.7657,-17.8897,7.05,1.1383,-0.46936,7.8769,-5.2435,-1.0883,-6.471,3.2277,-1.8895,8.9377,2.3159,-10.2556,-2.3811,-1.5437,5.4687,2.7608,-3.3755,-3.6398,-4.1502,-3.7096,-2.5181,-0.10608,-1.3309,-3.8891,3.503,6.5764,2.2555,2.377,-0.90851,
17.3694,-18.2571,28.8561,-7.7012,-4.7636,6.4964,-6.8575,-3.9959,1.5856,-8.0395,-4.3368,-4.1092,-1.309,-3.001,2.1253,-3.8765,-4.3328,2.8102,3.2371,2.5224,0.75531,2.4317,-2.8441,3.7929,-0.92167,1.5309,-5.9279,1.5072,-1.9191,4.2925,1.76,5.9896,-8.2949,-0.94052,
-10.6526,7.6778,-1.9643,-25.1004,4.8012,5.1546,1.5205,-7.2773,-6.4243,0.63506,5.004,-1.1606,3.3798,-16.7687,-4.8471,-0.57962,-0.15761,1.6722,-2.657,2.9358,-0.10524,-0.96308,-2.4806,-6.0608,-2.7559,-5.8509,-2.4159,-1.4659,-0.4436,-4.7166,0.67776,-5.1907,2.5575,-8.7891,
5.8538,-11.7217,23.9441,-14.9344,9.5863,3.4955,-0.69439,-4.1732,-17.2511,-6.0319,6.2475,-2.6665,-0.6893,-6.5852,-3.1153,-3.143,1.8631,13.039,-8.7307,-6.0852,-8.6146,-5.7601,6.8926,-2.2265,4.038,-5.3819,1.314,-3.5958,3.9458,0.60955,-1.2051,-1.0553,-1.495,2.8364,
-3.9377,-21.4292,-21.0939,-24.3832,8.9152,10.0893,-26.3175,-4.8305,5.0016,5.9374,-9.0163,-8.4882,-10.9227,5.7712,-6.8876,-2.1599,0.24056,-8.3668,-5.4375,-3.4201,1.2861,5.2273,-0.9058,2.4364,4.4009,1.2755,0.80656,-1.5654,1.1055,-6.6225,-4.0159,-1.9432,0.40054,1.5956,
9.3431,3.878,31.4814,-3.3719,-15.3514,-1.3052,-3.1794,0.42345,4.8192,-1.9712,-1.7594,-6.3122,-2.8775,-3.306,0.85782,2.6695,3.0333,1.4859,0.21751,-0.20747,2.1503,1.0828,-1.4772,-4.1296,4.2458,3.1604,-1.1289,-0.51312,-1.9095,-1.2301,-3.9413,-3.5654,6.3962,2.6511,
33.0515,33.6442,9.3159,-16.8583,0.30311,12.9766,5.9139,-6.2303,8.9997,5.596,-5.4189,-8.3628,4.5348,0.081033,6.0267,4.0602,1.7235,2.1157,2.9722,-4.3366,3.5618,-3.271,1.0738,3.4033,3.5954,0.42625,1.4104,-0.076791,2.3329,-4.2139,2.7253,-6.0274,3.1485,1.8579,
-15.4858,4.0285,3.6273,-6.5604,16.2012,0.068663,-16.2301,9.8482,4.2359,1.3837,-3.8175,-7.315,0.71758,-9.8455,4.8464,1.2183,3.2794,2.0076,5.6942,5.2755,1.7749,-2.3603,-6.3433,-0.83211,3.7755,-1.0979,-2.1964,-2.1103,0.65953,-3.6225,0.019054,4.2709,0.85168,0.049179,
3.626,-6.0345,4.7581,-7.9831,-4.69,-6.5845,12.8582,0.68018,-1.7422,-11.0103,-1.3144,2.7924,13.6508,7.0663,-4.0822,4.8947,-3.837,-13.0077,-6.8217,6.4353,-5.1905,0.24284,-3.5641,-1.2098,3.2578,-2.5521,-0.17019,-0.16267,2.571,-6.2441,-2.3393,-3.1143,-0.048769,-0.41815,
-4.8416,-13.691,12.5277,-7.3474,4.0362,-16.2052,7.311,3.7397,-6.1461,0.38289,-2.1043,-0.38577,10.4259,4.7853,-4.2253,3.9846,4.7215,-3.1033,-0.53555,2.9825,-1.4565,0.8653,-3.0934,0.58268,7.266,1.8849,0.13234,5.3856,3.6908,5.3276,-3.0605,2.426,2.9295,5.1127,
-0.90956,-22.4499,4.5831,-4.5784,-5.6973,-0.72886,9.5313,-2.7473,-12.6751,-1.6922,1.3464,-6.7613,-0.3081,-0.53844,3.6356,4.4756,1.4267,-3.9113,-0.11544,-2.2565,2.8666,-4.7589,-4.6756,-2.1414,-9.1817,0.39007,9.1358,6.9271,2.7356,-3.2965,-4.1272,-0.065562,-0.88831,0.77827,
-9.7636,-27.4182,-2.5565,-9.7204,-12.074,-14.8969,-2.7412,2.775,-4.1331,23.1319,-5.2685,-5.6517,12.564,-4.3775,-9.0753,1.1986,4.1884,-4.5989,1.5812,-0.56079,2.4741,-6.6513,8.5257,4.8108,-8.0629,-2.4845,-2.302,-0.84549,-2.5849,0.04065,4.3092,1.9961,-3.274,1.6641,
13.2567,-5.8593,-5.6358,-19.5826,21.7225,0.74461,8.3313,17.5961,10.0733,1.4833,-0.098954,7.8373,-2.7512,8.9607,0.1146,-3.4303,-0.82497,-2.9114,2.0639,2.1865,-3.0873,-7.6026,-2.257,-1.2194,-6.2686,1.2021,-4.6995,-0.90975,-1.0634,2.3942,1.0845,-8.0219,-3.8969,-1.0609,
14.1805,-3.4167,8.6048,-16.9105,26.5793,-17.665,-5.6345,3.6394,9.3031,2.5651,8.5685,16.5814,-4.0708,0.78118,-1.6658,1.7893,2.8986,1.0842,-3.1509,-0.25165,0.79128,-2.7338,3.6372,-1.6687,2.9148,4.8532,1.2168,-2.301,-0.78209,4.5733,1.5994,-1.1743,1.6691,-2.0008,
6.0406,-21.2673,-13.079,-19.223,9.7268,3.1694,-9.4598,-7.0153,5.8964,-4.94,-1.613,-0.97169,0.0076418,1.3562,2.7404,-3.4181,-6.7186,-1.7586,-7.5621,-0.22009,2.9141,-2.5178,-3.7049,1.226,-4.24,-1.5265,3.5688,-4.2188,-0.40366,6.2878,-2.281,-1.3591,4.472,0.51882,
29.3275,-2.0753,32.9264,-13.3898,-1.0717,1.5038,-2.6391,-5.0245,1.5933,-3.3096,-4.627,-1.9002,0.9974,-1.6906,-2.8807,1.3407,-2.5567,-0.15841,-2.2766,-0.73455,-0.652,0.16958,2.8972,2.3484,-0.74651,3.2695,-4.6028,0.88293,0.93136,5.151,-2.6972,0.86473,-0.016061,1.2888,
-16.5428,11.0215,-7.4447,-15.3533,-0.3478,-11.6995,5.7164,-9.0891,-3.3365,1.1957,8.566,-8.054,-9.2579,8.2377,2.8299,5.3906,5.4321,0.83514,0.54409,2.126,7.8352,5.4947,-0.44603,-4.2736,-2.887,0.78171,-0.12521,0.80421,1.3909,2.6514,-2.6667,-4.8601,-4.3149,-5.699,
-21.6734,12.7463,21.2311,-4.0781,0.54666,-12.7841,7.3147,-0.90955,-1.74,-2.9014,2.5234,-7.0339,-6.7816,9.1172,1.5623,6.187,3.0215,0.83349,4.6271,3.9376,-4.084,0.31037,3.0265,-1.8739,1.496,3.7203,1.4187,-1.408,0.69641,-1.9449,2.1485,-0.13506,0.32315,-0.577,
27.6199,-19.6109,1.7243,-3.9733,-13.6406,1.3419,9.6054,13.1601,11.8477,9.921,11.075,-5.2776,-7.7879,3.5705,-1.7046,-3.8115,-4.6566,6.7794,0.67998,-0.54857,-2.1057,-2.7427,-1.8526,3.0269,5.8219,-0.13243,-3.1485,9.0297,4.1188,-7.0604,2.545,-0.59375,-0.91377,0.86015,
10.2211,-7.7128,22.3369,-11.8388,-5.1301,-13.8287,4.0076,6.2085,14.9389,5.718,11.7914,9.8878,-1.0981,-5.4831,-1.148,6.4928,-2.1318,-0.28357,2.1426,-8.7138,3.9829,10.8194,-1.164,-1.6601,-2.1402,-8.9749,5.6044,-2.9935,-3.0321,-2.8692,-4.6279,6.2205,-1.0045,0.018876,
5.6095,-13.4036,-8.8933,-4.524,-8.7531,-5.0067,-1.4805,-4.0626,-3.104,-1.5028,1.1117,6.0836,4.5125,3.5678,0.71517,-6.1675,9.297,6.7153,5.3832,5.098,5.0931,-4.4561,-4.4338,1.4807,0.86241,7.0099,-0.83088,-0.45008,-1.5718,0.82851,-4.5928,3.0246,8.5209,-3.9438,
-13.0744,19.5061,-15.7484,-5.075,-13.1855,0.79477,1.1004,3.2436,3.8476,-3.1318,3.9319,-0.49725,3.1789,-0.79146,-1.2205,2.4759,-0.51901,1.1117,-3.711,-0.19711,-3.9398,-1.2303,-5.692,11.258,0.19045,-0.40115,1.3352,-2.5394,3.0698,-0.26616,-3.2844,4.505,-1.3533,-2.0422,
-12.0788,19.1679,-8.0545,-1.6758,-14.9176,-7.961,0.97119,6.6277,0.61881,-3.2452,-0.78559,1.5875,-1.8993,-6.6162,-0.14908,-0.40208,0.71715,-2.2599,0.94082,3.7211,-6.7224,1.7281,-1.2802,2.9919,-2.2278,0.66692,-2.7402,-2.4087,0.38352,-0.48746,-3.4595,0.84477,2.3685,1.3757,
-12.3863,-0.47791,-19.4467,-5.1934,-14.5493,-5.1614,0.068065,-0.79474,4.316,-5.3568,-2.0353,1.9862,2.8768,1.6125,3.1988,-4.8399,-0.43814,3.6145,0.34706,0.85205,5.4585,-1.8187,6.3059,3.4154,4.1792,-7.6367,-0.16104,3.6931,-0.4241,2.8704,2.8004,-5.1533,4.4749,1.4632,
-24.0526,25.8385,-4.2038,-10.9306,-18.6125,-0.11731,-0.15275,2.217,0.47788,-0.77871,-5.1323,4.075,-1.6785,5.619,-8.7685,-2.9439,-6.1131,1.5113,-0.60751,-2.4711,-1.3998,-1.218,-0.12909,2.0346,-1.4166,-0.13453,3.0935,-1.5424,0.57593,1.4771,1.073,-1.5686,-0.93295,1.4407,
-4.9489,21.3931,-9.231,-12.9461,-8.9173,-1.4376,0.93233,6.5039,-2.8457,0.66044,0.97365,-2.4096,-4.4985,-3.9817,-5.0693,-8.9668,3.9183,0.9045,-4.3441,4.4879,-6.8495,6.1611,-1.9559,-3.5611,-1.1087,0.038943,-7.9353,0.25157,-0.52903,2.7234,-0.57178,2.567,-1.8943,1.8381,
-16.4738,-2.749,-1.1449,0.66989,-8.0428,8.9969,2.9785,18.2456,-9.3859,-10.8965,-2.1212,0.18622,-8.375,3.9786,-4.4724,-1.6883,-1.7456,1.9277,1.3004,-7.2267,6.3053,-1.5612,0.80132,-5.8587,-6.2267,1.7449,-7.1091,1.9212,-1.939,-3.3848,-2.6121,1.0217,0.40007,-1.1184,
31.9179,25.895,2.3245,-4.1806,1.9273,7.946,-1.8588,11.4999,-5.9231,-5.1301,-10.3449,6.8543,-1.6706,-1.3252,-1.037,6.2746,1.2306,-2.7681,-0.95008,-0.36562,1.0077,-6.037,3.1236,0.15202,-3.7522,5.3603,5.1718,-5.175,3.1348,-3.3418,1.8065,2.381,-2.5194,0.56106,
27.2297,15.0281,-6.0656,-8.4304,-4.9464,-0.75833,0.38887,-2.7078,-5.8385,-2.3202,-4.9424,4.3235,3.6491,-7.9902,-1.1741,-2.2638,5.4834,0.13051,10.6983,-0.17337,4.0235,1.3477,-1.184,2.4192,1.4149,1.4653,0.095785,4.6007,-3.5956,0.66107,-2.2759,-4.0686,-3.5833,2.4155,
-0.47616,-3.2507,-10.7204,0.7777,-10.9861,4.8702,-1.8718,1.3789,1.332,-13.1627,3.9244,5.4633,4.2702,2.2478,2.1929,-2.576,2.4795,-4.9634,2.0282,2.3933,7.8967,-0.59027,11.2044,-4.5924,4.2207,-7.3744,-3.506,-1.6236,-2.6229,-0.78602,-1.3007,1.3725,0.90312,3.9468,
-6.7254,6.3422,-18.5151,-5.8002,4.771,-5.9877,-2.5209,7.2799,-7.8752,-7.6671,-1.1781,-0.77565,-5.659,0.49369,-1.4687,4.4696,0.24509,3.7262,-2.0931,-5.2113,4.591,2.7051,-0.19106,6.8428,1.0138,-1.0991,3.5199,2.1091,-1.745,3.1516,2.3697,1.0524,2.7097,5.4918,
28.7582,-5.9238,-21.4266,3.573,-9.9952,1.3176,-4.2119,6.0819,-5.0443,-4.2314,2.2428,0.84656,-2.5268,-5.0953,4.47,2.6302,1.7667,-4.9136,1.1138,2.357,-3.4148,7.1719,4.311,-1.7012,3.7657,0.3505,2.3094,1.9105,0.006467,2.1324,4.0309,-1.4288,-5.4816,-2.5678,
-21.6145,13.3894,6.7435,-15.7638,-25.7505,16.6438,-10.4415,-14.9311,6.1241,4.2704,-2.1838,12.414,2.658,6.7196,-8.334,-2.3687,0.0045745,3.0037,2.3278,-1.0031,-4.4629,-1.5606,-2.415,-8.5081,1.8801,3.4394,8.2007,6.8283,-3.6858,0.68832,2.9253,2.7939,-3.5953,-0.33425,
28.1163,-7.3396,-19.9174,0.16038,-20.7228,-6.7671,-3.1711,2.9813,-3.9737,-0.50698,-4.0164,-1.3689,-0.12739,-1.6238,3.691,3.4427,3.1785,0.75508,1.0735,-5.1316,-2.7142,4.0248,2.3766,3.7763,1.2454,0.40344,2.4431,-1.7707,4.5748,5.4216,2.4469,-1.7821,-1.3372,-10.4816,
-3.9661,-19.3063,11.1659,26.7832,-14.5739,-9.2381,-0.83558,2.2024,7.5968,1.2839,-4.5969,-2.868,-5.2798,-2.113,3.8337,-10.7362,-0.017116,-2.8359,-0.67714,-1.8283,-5.0526,0.46806,5.3071,-3.0725,-5.3643,4.6437,3.7454,0.78671,7.3887,3.1617,-3.4486,0.66398,6.0256,-2.2117,
-2.8244,5.5802,-20.8561,7.3051,10.8114,-0.59006,6.2337,1.0915,5.3024,1.6054,-3.1955,-5.3274,11.4894,1.5074,-1.1842,-0.84688,-11.141,2.9336,9.2714,-5.6028,-8.2605,-0.199,3.8136,-2.6625,3.5106,0.94184,-0.082746,-3.8607,-5.4022,-0.50075,-7.396,1.0083,2.8151,-4.9783,
-23.4544,-15.0119,-22.0333,14.8833,0.29827,0.35487,-6.1711,1.2612,5.2049,-4.4741,4.5007,2.349,-0.96011,-6.8227,7.083,3.7227,0.4665,-2.1045,-1.5386,-4.8696,-0.44819,-5.0661,-1.5799,-4.767,2.5405,2.6483,-0.55159,2.8674,2.1187,-0.70903,0.31362,0.30716,-3.6414,7.0725,
7.8407,-2.6307,9.2431,14.1928,20.1538,-2.7142,-7.3257,-12.7963,6.8989,-11.3606,6.1725,4.1682,3.2732,-0.47868,-1.5368,-6.1896,6.5122,-0.77552,-1.3624,6.0174,-1.0288,1.3574,3.0902,6.7415,-5.263,1.6148,2.1171,3.6465,-1.0297,-7.0387,3.3303,0.9217,-2.1629,-1.4011,
7.5707,12.9607,4.9834,18.872,14.4083,-3.0619,-13.1154,0.85612,-12.7653,9.1297,-5.2919,4.9885,-1.4772,5.4165,1.7582,4.0946,-11.7593,2.9972,0.56394,4.0007,5.2578,-4.972,2.9244,-2.1527,4.0987,-3.5291,-0.15378,4.7734,1.2501,1.6824,-7.6569,2.5386,-2.9741,-3.1157,
30.1185,19.9578,-13.1446,-1.0681,10.1195,-0.26301,-3.4651,-3.3548,-10.4989,10.2263,1.6871,5.0885,-0.2121,2.411,4.8774,-1.6186,-1.3034,-5.1183,-3.9007,-2.4849,-3.5683,4.1097,-0.15579,-7.8196,-4.2204,-1.7215,-4.079,7.3533,1.3908,-2.3708,7.3602,5.831,10.0594,0.66326,
-10.7237,13.94,9.3701,16.1851,-2.9516,-11.1627,-3.8322,5.4625,-2.9537,0.60016,1.9178,1.901,-0.56823,2.8857,2.1271,-8.6429,2.0149,4.3886,0.40588,2.0109,1.7178,-1.3507,-3.6034,5.5027,-4.1196,-4.8414,2.9831,-2.2534,-3.4667,-6.2748,0.79879,-0.86708,1.3135,1.6734,
29.5966,9.2032,-13.4522,6.0026,10.4212,3.9993,-1.9362,-3.7122,-8.904,2.0333,7.4876,0.39363,1.9555,5.1681,3.1203,2.5267,-4.9247,4.6856,1.5651,-0.006915,-3.8679,2.4367,-6.1129,6.8906,-4.5364,-2.0843,-0.61918,2.5286,-1.6837,1.4058,-1.9474,1.4615,0.96689,3.0463,
22.7993,-2.481,-8.9733,11.5119,-15.7535,1.0722,-7.0073,-8.873,-7.2816,11.6593,12.9324,-2.2898,2.7556,11.3729,5.1686,-3.296,5.5982,-1.1544,1.8419,-1.0761,-0.75269,-2.7928,-4.6913,-5.0945,1.663,-0.10585,-3.8225,-12.9189,-0.021035,0.59764,-1.0932,-0.51915,-4.0763,4.731,
-6.6031,11.8593,15.5011,25.6359,-16.9302,-4.0369,-14.8768,-0.57711,-1.7479,1.8911,4.3296,6.6878,-4.4822,-2.341,7.3376,-0.29999,-4.0028,-3.4078,-6.1951,2.558,-0.69139,-4.4236,1.3235,3.9387,-0.25273,0.37846,1.4307,-2.0988,0.219,-3.5282,-1.8938,-3.6206,-1.6178,-2.2936,
-9.5623,25.3784,14.1137,17.6432,10.6391,-2.3442,4.5218,-5.5488,6.233,2.6651,-3.1957,-1.328,1.422,-3.4454,2.8923,-6.7816,-1.1065,-6.1508,4.4245,-2.9817,-0.65471,2.1035,-1.4252,-2.9121,-2.8865,-4.9542,-0.53732,2.0154,4.7783,5.1561,-2.9759,-5.8432,-4.7369,5.5961,
-0.34668,-6.3532,8.4675,16.4444,11.1704,-0.99399,9.4522,9.4339,-1.3031,2.2872,-17.1614,0.044612,3.3918,5.503,2.8442,-8.7175,7.9556,1.9461,-8.3777,-2.3538,2.1312,3.0631,-9.5775,-3.1167,7.2653,-7.4251,4.7786,-1.5801,-1.5508,1.4321,4.4828,1.4129,-3.1811,-4.1023,
-0.084571,1.467,-1.525,9.397,-1.3198,-1.9935,28.1568,-19.0207,-1.2058,7.7212,-9.3888,8.2987,-17.16,-6.2062,-3.8956,-0.63772,-3.0171,-4.5232,-2.599,1.5231,6.4294,-3.6554,-1.0762,4.3808,3.7297,-0.79604,-5.5142,-3.1233,0.35734,-0.26964,-0.67196,4.2247,0.52358,-1.0637,
18.1229,-13.9014,-17.1316,6.0894,10.1404,-2.1874,8.607,-9.4813,0.83352,-2.4554,-5.6595,0.57881,-6.3522,-4.0215,2.6636,-2.9826,3.1345,-4.3563,3.9654,-1.0641,-7.5933,0.33781,4.703,0.55225,2.422,0.091465,0.85448,1.9572,-4.9532,-5.052,-3.9334,0.69883,-1.4311,1.1337,
-6.5902,-15.8639,-13.8238,11.4122,1.5529,-1.4365,7.4038,-5.4387,1.1359,-4.2821,-2.2739,3.4305,-4.0879,-7.4478,-1.4939,9.4768,1.1922,1.4943,2.3963,-4.1097,-4.1266,-2.5422,-7.267,-2.9591,-1.2619,3.4978,0.0011274,-5.2245,-4.1782,1.8291,4.7098,-0.27035,1.3664,4.8417,
-8.2035,-25.5998,8.6849,24.3195,-1.4003,-2.7051,-1.4678,-6.0994,-6.42,-7.6428,4.4603,0.27368,-1.2848,6.8195,-7.0922,2.5082,-5.9821,-0.1523,6.3294,-4.4935,-0.76896,-1.2597,-1.9163,2.3389,5.3838,-0.73391,-3.5464,-1.2089,-1.0247,-3.2197,7.4608,-2.6835,0.54116,-4.1351,
2.0431,12.9882,-0.12557,16.1158,7.7179,24.4953,8.067,1.8746,6.7028,-2.3434,11.1315,-10.0492,3.3002,4.236,-2.4695,1.1632,8.9501,-5.82,-8.5012,-4.3329,1.3721,-4.3874,3.0332,2.1527,-0.4249,0.65602,-0.84512,3.4007,-8.4008,4.0359,-4.4148,5.272,-1.2565,-4.2649,
13.5241,-2.5863,8.5573,25.8177,5.9592,3.3516,-8.8438,-2.4298,0.24347,-4.3873,-1.6261,0.50813,6.9267,3.3824,-12.549,3.2038,-1.5542,0.62995,1.9703,-0.4888,4.88,10.66,-1.3854,-0.28505,-5.309,1.2385,-5.1189,-2.9667,5.2682,-0.33767,1.2192,-2.7022,1.9539,1.1394,
-17.6006,-21.7593,6.2766,20.4198,-2.5088,32.3989,-1.4415,5.1095,2.7214,9.7965,-4.3413,7.8497,-5.1538,0.54717,-0.23542,13.4517,7.5109,5.132,0.83643,9.9235,-6.2958,3.0336,1.6036,2.4364,-2.437,-7.0813,-0.83685,1.5033,-0.47736,3.3601,-2.6506,-4.9481,3.8314,0.37106,
-22.1895,0.55412,-21.2366,4.3623,7.7372,4.7951,2.5029,-7.6819,12.6826,-2.5368,-1.6411,4.4309,9.7898,-1.085,2.7867,3.1552,3.2487,8.2991,-0.72311,-5.1263,3.2903,-1.8322,-0.45175,-1.8114,-2.1331,0.49168,-5.5863,1.6668,13.9096,-1.9558,-0.16327,3.6835,-3.3709,-2.2303,
4.2479,-9.1542,-15.8442,10.7456,0.29662,-4.4312,12.1843,0.71388,1.771,5.2897,-5.6112,-1.9986,6.9733,-1.3693,2.5731,0.14842,-6.101,13.9,-11.7643,7.3087,4.2017,8.4331,4.6977,-4.0225,-2.033,9.6423,2.3976,-1.495,-5.8842,-4.5967,-1.063,-2.7841,-3.8023,3.6706,
-19.3971,23.4839,8.2131,22.5357,2.7952,-8.2218,-3.419,-1.7906,3.5907,3.8591,3.0668,-5.1747,2.301,-2.8498,-1.9415,3.1113,0.031268,-1.7847,-8.2148,-7.9938,-0.043822,-0.28361,0.75593,3.1671,1.0437,4.2367,-3.2137,2.9098,-5.1459,3.4312,4.4128,-4.1356,2.5472,-0.63882,
1.7157,7.0541,-15.5993,11.3728,9.0721,10.5372,6.4454,4.4291,-0.082228,2.7715,15.0079,-7.6363,-2.6878,-7.7866,-11.826,-4.4318,-6.098,-3.1607,2.8173,11.0562,5.1809,-0.9539,0.57273,-1.2734,4.5854,1.8517,8.549,-1.9451,5.8678,4.7802,3.0732,1.9625,0.60304,1.7655,
5.2826,0.7081,5.5413,19.2106,15.838,2.469,-2.1674,5.6717,0.20147,-0.35669,-3.1694,-6.481,-1.6439,-2.4792,-6.3579,-3.1859,2.6974,0.33396,8.2047,-2.1311,0.51283,-1.2271,-0.15481,-4.0816,-1.5637,-0.3362,6.6184,-1.7321,-1.2441,-0.1746,1.5678,-0.23469,1.2699,-1.4784,
